[gd_scene format=3 uid="uid://dnbdk0yqxr2wy"]

[ext_resource type="PackedScene" uid="uid://dpgfy033dc715" path="res://town/model/town_model.gltf" id="1_amwer"]
[ext_resource type="Script" uid="uid://di7cre4unhk3f" path="res://town/town_scene.gd" id="1_gxe8p"]
[ext_resource type="Script" uid="uid://i2wsujhhpwj2" path="res://spedometer.gd" id="2"]
[ext_resource type="Material" uid="uid://boboc4pk5t03s" path="res://town/sky_day.tres" id="2_1df3w"]
[ext_resource type="Material" uid="uid://dwj22a5ckgpms" path="res://town/materials/grass.tres" id="2_ubld8"]
[ext_resource type="Material" uid="uid://bhrhj1ylqw2tp" path="res://town/materials/cement.tres" id="3_8s61a"]
[ext_resource type="PackedScene" uid="uid://dpgyvcypghjek" path="res://town/tree/scene.gltf" id="3_pxdqy"]

[sub_resource type="Sky" id="Sky_1gf0c"]
sky_material = ExtResource("2_1df3w")

[sub_resource type="Environment" id="Environment_dauhq"]
background_mode = 2
sky = SubResource("Sky_1gf0c")
ambient_light_sky_contribution = 0.5
tonemap_mode = 4
glow_intensity = 0.5
fog_enabled = true
fog_light_color = Color(0.62, 0.6014, 0.6014, 1)
fog_density = 0.0015
fog_sky_affect = 0.0

[sub_resource type="CapsuleShape3D" id="CapsuleShape3D_pxdqy"]
height = 7.2680664

[sub_resource type="InputEventAction" id="InputEventAction_a4722"]
action = &"cycle_speedometer_unit"

[sub_resource type="Shortcut" id="Shortcut_msvqx"]
events = [SubResource("InputEventAction_a4722")]

[sub_resource type="Gradient" id="Gradient_nng2a"]
offsets = PackedFloat32Array(0, 0.2, 1)
colors = PackedColorArray(0.7019608, 0.9019608, 1, 1, 1, 1, 1, 1, 1, 0.3019608, 0.101960786, 1)

[sub_resource type="Gradient" id="Gradient_jks6h"]
offsets = PackedFloat32Array(0)
colors = PackedColorArray(1, 1, 1, 0.25098)

[sub_resource type="GradientTexture2D" id="GradientTexture2D_m8ylb"]
gradient = SubResource("Gradient_jks6h")
width = 128
height = 128

[sub_resource type="Gradient" id="Gradient_1rnu2"]
offsets = PackedFloat32Array(0.00645161)
colors = PackedColorArray(1, 0, 0, 0.25098)

[sub_resource type="GradientTexture2D" id="GradientTexture2D_xu6xc"]
gradient = SubResource("Gradient_1rnu2")
width = 128
height = 128

[node name="TownScene" type="Node3D" unique_id=1990567779]
script = ExtResource("1_gxe8p")

[node name="WorldEnvironment" type="WorldEnvironment" parent="." unique_id=710399183]
unique_name_in_owner = true
environment = SubResource("Environment_dauhq")

[node name="AmbientSound" type="AudioStreamPlayer" parent="." unique_id=1768893818]
autoplay = true
bus = &"Ambient"

[node name="DirectionalLight3D" type="DirectionalLight3D" parent="." unique_id=1020825067]
transform = Transform3D(-0.793955, 0.350561, -0.496732, -0.295414, 0.491651, 0.819152, 0.531381, 0.797111, -0.286788, 11.0084, 12.3453, -31.3148)
light_energy = 1.45
shadow_enabled = true
shadow_bias = 0.015
shadow_blur = 1.5
directional_shadow_mode = 0
directional_shadow_max_distance = 80.0

[node name="ArtificialLights" type="Node3D" parent="." unique_id=1215593960]
visible = false

[node name="OmniLight3D" type="OmniLight3D" parent="ArtificialLights" unique_id=579357381]
transform = Transform3D(0.747779, 0.367885, -0.552709, 0, 0.832459, 0.554087, 0.663947, -0.414335, 0.622495, 38.1028, 10.5868, 14.8252)
light_color = Color(1, 0.941176, 0.705882, 1)
light_energy = 2.0
shadow_enabled = true
shadow_bias = 0.06
shadow_blur = 2.0
distance_fade_enabled = true
distance_fade_begin = 100.0
distance_fade_shadow = 35.0
distance_fade_length = 15.0
omni_range = 15.0

[node name="OmniLight3D2" type="OmniLight3D" parent="ArtificialLights" unique_id=388734273]
transform = Transform3D(0.747779, 0.367885, -0.552709, 0, 0.832459, 0.554087, 0.663947, -0.414335, 0.622495, 13.1028, 11.5868, 20.8252)
light_color = Color(1, 0.941176, 0.705882, 1)
light_energy = 2.0
shadow_enabled = true
shadow_bias = 0.06
shadow_blur = 2.0
distance_fade_enabled = true
distance_fade_begin = 100.0
distance_fade_shadow = 35.0
distance_fade_length = 15.0
omni_range = 15.0

[node name="OmniLight3D3" type="OmniLight3D" parent="ArtificialLights" unique_id=2092552070]
transform = Transform3D(0.747779, 0.367885, -0.552709, 0, 0.832459, 0.554087, 0.663947, -0.414335, 0.622495, 14.1028, 11.5868, -6.1748)
light_color = Color(1, 0.941176, 0.705882, 1)
light_energy = 2.0
shadow_enabled = true
shadow_bias = 0.06
shadow_blur = 2.0
distance_fade_enabled = true
distance_fade_begin = 100.0
distance_fade_shadow = 35.0
distance_fade_length = 15.0
omni_range = 15.0

[node name="OmniLight3D4" type="OmniLight3D" parent="ArtificialLights" unique_id=1323055297]
transform = Transform3D(0.747779, 0.367885, -0.552709, 0, 0.832459, 0.554087, 0.663947, -0.414335, 0.622495, 36.1028, 13.5868, -7.1748)
light_color = Color(1, 0.941176, 0.705882, 1)
light_energy = 2.0
shadow_enabled = true
shadow_bias = 0.06
shadow_blur = 2.0
distance_fade_enabled = true
distance_fade_begin = 100.0
distance_fade_shadow = 35.0
distance_fade_length = 15.0
omni_range = 15.0

[node name="OmniLight3D5" type="OmniLight3D" parent="ArtificialLights" unique_id=900519224]
transform = Transform3D(0.747779, 0.367885, -0.552709, 0, 0.832459, 0.554087, 0.663947, -0.414335, 0.622495, 45.1028, 13.5868, -17.1748)
light_color = Color(1, 0.941176, 0.705882, 1)
light_energy = 2.0
shadow_enabled = true
shadow_bias = 0.06
shadow_blur = 2.0
distance_fade_enabled = true
distance_fade_begin = 100.0
distance_fade_shadow = 35.0
distance_fade_length = 15.0
omni_range = 15.0

[node name="OmniLight3D6" type="OmniLight3D" parent="ArtificialLights" unique_id=1076878794]
transform = Transform3D(0.747779, 0.367885, -0.552709, 0, 0.832459, 0.554087, 0.663947, -0.414335, 0.622495, -20.8972, 7.58679, 4.8252)
light_color = Color(1, 0.941176, 0.705882, 1)
light_energy = 2.0
shadow_enabled = true
shadow_bias = 0.06
shadow_blur = 2.0
distance_fade_enabled = true
distance_fade_begin = 100.0
distance_fade_shadow = 35.0
distance_fade_length = 15.0
omni_range = 15.0

[node name="OmniLight3D7" type="OmniLight3D" parent="ArtificialLights" unique_id=1097123312]
transform = Transform3D(0.747779, 0.367885, -0.552709, 0, 0.832459, 0.554087, 0.663947, -0.414335, 0.622495, -15.8972, 7.58679, 20.8252)
light_color = Color(1, 0.941176, 0.705882, 1)
light_energy = 2.0
shadow_enabled = true
shadow_bias = 0.06
shadow_blur = 2.0
distance_fade_enabled = true
distance_fade_begin = 100.0
distance_fade_shadow = 35.0
distance_fade_length = 15.0
omni_range = 15.0

[node name="OmniLight3D8" type="OmniLight3D" parent="ArtificialLights" unique_id=394109811]
transform = Transform3D(0.747779, 0.367885, -0.552709, 0, 0.832459, 0.554087, 0.663947, -0.414335, 0.622495, -44.8972, 10.5868, 4.8252)
light_color = Color(1, 0.941176, 0.705882, 1)
light_energy = 2.0
shadow_enabled = true
shadow_bias = 0.06
shadow_blur = 2.0
distance_fade_enabled = true
distance_fade_begin = 100.0
distance_fade_shadow = 35.0
distance_fade_length = 15.0
omni_range = 15.0

[node name="OmniLight3D9" type="OmniLight3D" parent="ArtificialLights" unique_id=635821681]
transform = Transform3D(0.747779, 0.367885, -0.552709, 0, 0.832459, 0.554087, 0.663947, -0.414335, 0.622495, -43.8972, 10.5868, -15.1748)
light_color = Color(1, 0.941176, 0.705882, 1)
light_energy = 2.0
shadow_enabled = true
shadow_bias = 0.06
shadow_blur = 2.0
distance_fade_enabled = true
distance_fade_begin = 100.0
distance_fade_shadow = 35.0
distance_fade_length = 15.0
omni_range = 15.0

[node name="OmniLight3D10" type="OmniLight3D" parent="ArtificialLights" unique_id=590176993]
transform = Transform3D(0.747779, 0.367885, -0.552709, 0, 0.832459, 0.554087, 0.663947, -0.414335, 0.622495, -15.7972, 3.58679, -71.175)
light_color = Color(1, 0.941176, 0.705882, 1)
light_energy = 2.0
shadow_enabled = true
shadow_bias = 0.06
shadow_blur = 2.0
distance_fade_enabled = true
distance_fade_begin = 100.0
distance_fade_shadow = 35.0
distance_fade_length = 15.0
omni_range = 15.0

[node name="InstancePos" type="Marker3D" parent="." unique_id=89081834]
unique_name_in_owner = true
transform = Transform3D(3.57628e-07, 0, -1, 0, 1, 0, 1, 0, 3.57628e-07, 35.48, 8.72405, 14.335)

[node name="TownModel" parent="." unique_id=1541596250 instance=ExtResource("1_amwer")]

[node name="GrassMesh" parent="TownModel/Terrain" parent_id_path=PackedInt32Array(1541596250, 1147236683) index="0" unique_id=405009130]
surface_material_override/0 = ExtResource("2_ubld8")

[node name="RoadMesh" parent="TownModel/Terrain" parent_id_path=PackedInt32Array(1541596250, 1147236683) index="2" unique_id=1323098657]
surface_material_override/0 = ExtResource("3_8s61a")

[node name="OuterGroundMesh" parent="TownModel/Terrain" parent_id_path=PackedInt32Array(1541596250, 1147236683) index="4" unique_id=99731491]
surface_material_override/0 = ExtResource("2_ubld8")

[node name="RacetrackMesh" parent="TownModel/Racetrack/RacetrackMain" parent_id_path=PackedInt32Array(1541596250, 492416428) index="0" unique_id=1108796885]
surface_material_override/0 = ExtResource("3_8s61a")

[node name="Trees" type="Node3D" parent="TownModel" unique_id=637052945]

[node name="Tree" parent="TownModel/Trees" unique_id=1581148790 instance=ExtResource("3_pxdqy")]
transform = Transform3D(0.375, 0, 0, 0, 0.375, 0, 0, 0, 0.375, 5.548664, 9.214607, 21.853706)

[node name="StaticBody3D" type="StaticBody3D" parent="TownModel/Trees/Tree" unique_id=488670663]
transform = Transform3D(1, 0, 0, 0, 1, 0, 0, 0, 1, 0, 2.8510952, 0)

[node name="CollisionShape3D" type="CollisionShape3D" parent="TownModel/Trees/Tree/StaticBody3D" unique_id=1571753715]
transform = Transform3D(1, 0, 0, 0, 1, 0, 0, 0, 1, 0, 2.774849, 0)
shape = SubResource("CapsuleShape3D_pxdqy")

[node name="Tree2" parent="TownModel/Trees" unique_id=764955330 instance=ExtResource("3_pxdqy")]
transform = Transform3D(-0.1781004, 0, 0.27185518, 0, 0.325, 0, -0.27185518, 0, -0.1781004, 22.705954, 8.334187, -12.540859)

[node name="StaticBody3D" type="StaticBody3D" parent="TownModel/Trees/Tree2" unique_id=1391753394]
transform = Transform3D(1, 0, 0, 0, 1, 0, 0, 0, 1, 0, 2.8510952, 0)

[node name="CollisionShape3D" type="CollisionShape3D" parent="TownModel/Trees/Tree2/StaticBody3D" unique_id=258816822]
transform = Transform3D(1, 0, 0, 0, 1, 0, 0, 0, 1, 0, 2.774849, 0)
shape = SubResource("CapsuleShape3D_pxdqy")

[node name="Tree3" parent="TownModel/Trees" unique_id=2087257218 instance=ExtResource("3_pxdqy")]
transform = Transform3D(0.10563323, 0, 0.42713186, 0, 0.44, 0, -0.42713186, 0, 0.10563323, 50.709362, 10.075925, -6.032544)

[node name="StaticBody3D" type="StaticBody3D" parent="TownModel/Trees/Tree3" unique_id=138405085]
transform = Transform3D(1, 0, 0, 0, 1, 0, 0, 0, 1, 0, 2.8510952, 0)

[node name="CollisionShape3D" type="CollisionShape3D" parent="TownModel/Trees/Tree3/StaticBody3D" unique_id=145018392]
transform = Transform3D(1, 0, 0, 0, 1, 0, 0, 0, 1, 0, 2.774849, 0)
shape = SubResource("CapsuleShape3D_pxdqy")

[node name="Tree4" parent="TownModel/Trees" unique_id=660503783 instance=ExtResource("3_pxdqy")]
transform = Transform3D(0.41906354, 0, 0.13411105, 0, 0.44, 0, -0.13411105, 0, 0.41906354, -12.516531, 12.71288, -15.442337)

[node name="StaticBody3D" type="StaticBody3D" parent="TownModel/Trees/Tree4" unique_id=209875123]
transform = Transform3D(1, 0, 0, 0, 1, 0, 0, 0, 1, 0, 2.8510952, 0)

[node name="CollisionShape3D" type="CollisionShape3D" parent="TownModel/Trees/Tree4/StaticBody3D" unique_id=985760218]
transform = Transform3D(1, 0, 0, 0, 1, 0, 0, 0, 1, 0, 2.774849, 0)
shape = SubResource("CapsuleShape3D_pxdqy")

[node name="Tree5" parent="TownModel/Trees" unique_id=2122104116 instance=ExtResource("3_pxdqy")]
transform = Transform3D(0.23812625, 0, -0.17412893, 0, 0.295, 0, 0.17412893, 0, 0.23812625, -20.612381, 3.7711592, 1.7494526)

[node name="StaticBody3D" type="StaticBody3D" parent="TownModel/Trees/Tree5" unique_id=1121566210]
transform = Transform3D(1, 0, 0, 0, 1, 0, 0, 0, 1, 0, 2.8510952, 0)

[node name="CollisionShape3D" type="CollisionShape3D" parent="TownModel/Trees/Tree5/StaticBody3D" unique_id=359408452]
transform = Transform3D(1, 0, 0, 0, 1, 0, 0, 0, 1, 0, 2.774849, 0)
shape = SubResource("CapsuleShape3D_pxdqy")

[node name="Spedometer" type="Button" parent="." unique_id=294256170]
unique_name_in_owner = true
custom_minimum_size = Vector2(140, 40)
anchors_preset = 3
anchor_left = 1.0
anchor_top = 1.0
anchor_right = 1.0
anchor_bottom = 1.0
offset_left = -164.0
offset_top = -64.0
offset_right = -24.0
offset_bottom = -24.0
grow_horizontal = 0
grow_vertical = 0
focus_mode = 0
action_mode = 0
shortcut = SubResource("Shortcut_msvqx")
shortcut_feedback = false
shortcut_in_tooltip = false
text = "Speed: ???"
script = ExtResource("2")
tint_gradient = SubResource("Gradient_nng2a")

[node name="Back" type="Button" parent="." unique_id=2142412231]
unique_name_in_owner = true
offset_left = 24.0
offset_top = 24.0
offset_right = 92.0
offset_bottom = 56.0
text = "« Back"

[node name="TouchTurnLeft" type="Control" parent="." unique_id=325944973]
layout_mode = 3
anchors_preset = 4
anchor_top = 0.5
anchor_bottom = 0.5
grow_vertical = 2

[node name="TurnLeft" type="TouchScreenButton" parent="TouchTurnLeft" unique_id=727790093]
modulate = Color(1, 1, 1, 0)
position = Vector2(0, -256)
scale = Vector2(2.5, 4)
texture_normal = SubResource("GradientTexture2D_m8ylb")
texture_pressed = SubResource("GradientTexture2D_xu6xc")
passby_press = true
action = "turn_left"
visibility_mode = 1

[node name="TouchReverse" type="Control" parent="." unique_id=155125709]
layout_mode = 3
anchors_preset = 8
anchor_left = 0.5
anchor_top = 0.5
anchor_right = 0.5
anchor_bottom = 0.5
grow_horizontal = 2
grow_vertical = 2

[node name="Reverse" type="TouchScreenButton" parent="TouchReverse" unique_id=1277398991]
modulate = Color(1, 1, 1, 0)
position = Vector2(-256, -256)
scale = Vector2(4, 4)
texture_normal = SubResource("GradientTexture2D_m8ylb")
texture_pressed = SubResource("GradientTexture2D_xu6xc")
passby_press = true
action = "reverse"
visibility_mode = 1

[node name="TouchTurnRight" type="Control" parent="." unique_id=1012524599]
layout_mode = 3
anchors_preset = 6
anchor_left = 1.0
anchor_top = 0.5
anchor_right = 1.0
anchor_bottom = 0.5
grow_horizontal = 0
grow_vertical = 2

[node name="TurnRight" type="TouchScreenButton" parent="TouchTurnRight" unique_id=1611600317]
modulate = Color(1, 1, 1, 0)
position = Vector2(-320, -256)
scale = Vector2(2.5, 4)
texture_normal = SubResource("GradientTexture2D_m8ylb")
texture_pressed = SubResource("GradientTexture2D_xu6xc")
passby_press = true
action = "turn_right"
visibility_mode = 1

[connection signal="pressed" from="Spedometer" to="Spedometer" method="_on_spedometer_pressed"]

[editable path="TownModel"]
